xspacing: 0.18007202881152462
yspacing: 0.18007202881152462
